BOARD OF INTERMEDIATE & SECONDARY EDUCATION, DHAKA
RESULT OF SSC EXAMINATION, 2018
Institution: T & T ADARSHA GIRLS’ HIGH SCHOOL (EIIN: 108019)
Centre: DHAKA-12 (GOVT. SCIENCE COLLEGE ATT.H. SCHOOL, Thana/Upazilla: GULSHAN, Zilla: DHAKA MAHANAGARI
No. of Students: { Examinee: 189, Appeared: 189, Passed: 183, Percentage of Pass: 96.83, GPA 5: 36 }
---------------------------------------------------- : BUSINESS STUDIES : ----------------------------------------------------
607250[4.28], 607251[4.33], 607252[4.50], 607253[4.89], 607254[4.44], 607255[4.28], 607256[3.33], 607257[4.44], 607258[3.61],
607259[4.06], 607260[3.89], 607261[3.89], 607262[3.72], 607263[4.89], 607264[4.72], 607265[4.39], 607266[4.50], 607267[4.50],
607268[4.33], 607269[3.67], 607270[4.00], 607271[4.89], 607272[4.33], 607273[4.33], 607274[4.61], 607275[4.50], 607276[3.56],
607277[3.44], 607278[3.72], 607279[4.28], 607280[3.00], 607281[3.67], 607282[4.44], 607283[4.17], 607284[3.83], 607285[4.67],
607286[3.61], 607287[4.28], 607288[4.39], 607289[3.89], 607290[4.17], 607291[3.89], 607292[3.61], 607293[3.39], 607294[4.28],
607295[4.50], 607296[5.00], 607297[3.78], 607298[4.11], 607299[4.22], 607300[4.05], 607302[3.27], 607303[4.09] =53
607301[F1 ] =1
------------------------------------------------------- : HUMANITIES : -------------------------------------------------------
301204[3.89], 301205[5.00], 301206[3.61], 301207[3.78], 301208[3.83], 301209[3.17], 301210[4.17], 301211[3.72], 301213[3.67],
301214[3.83], 301215[4.44], 301216[4.22], 301218[2.83], 301219[3.94], 301220[3.56], 301221[3.17], 301222[3.39], 301223[3.50],
301224[4.11], 301225[3.89], 301226[3.83], 301227[3.83], 301228[4.00], 301229[4.28], 301230[3.44], 301231[3.89], 301232[3.94],
301233[4.39], 301234[3.72], 301235[3.61], 301236[3.67], 301237[3.83], 301238[3.89], 301239[3.56], 301240[3.50], 301241[3.50],
301242[3.83], 301243[3.72], 301244[4.06], 301245[3.78], 301246[3.39], 301247[4.17], 301248[3.72], 301249[3.67], 301250[3.94],
301251[2.61], 301252[2.83], 301253[4.06], 301254[3.61], 301255[3.78], 301256[3.28], 301257[3.50], 301258[3.32] =53
301212[F1 ], 301217[F1 ] =2
-------------------------------------------------------- : SCIENCE : --------------------------------------------------------
109024[5.00], 109025[5.00], 109026[5.00], 109027[5.00], 109028[5.00], 109029[5.00], 109030[5.00], 109031[5.00], 109032[5.00],
109033[4.89], 109034[5.00], 109035[5.00], 109036[5.00], 109037[4.94], 109038[5.00], 109039[4.94], 109040[5.00], 109041[5.00],
109042[5.00], 109043[5.00], 109044[4.83], 109045[5.00], 109046[5.00], 109047[5.00], 109048[4.44], 109049[4.78], 109050[5.00],
109051[5.00], 109052[5.00], 109053[5.00], 109054[5.00], 109055[4.94], 109056[5.00], 109057[5.00], 109058[4.06], 109059[5.00],
109060[4.06], 109061[3.67], 109062[5.00], 109063[4.44], 109064[5.00], 109065[5.00], 109066[4.89], 109067[5.00], 109068[4.00],
109069[5.00], 109070[4.44], 109071[4.33], 109072[4.61], 109073[4.28], 109075[4.78], 109076[4.22], 109077[4.17], 109078[4.33],
109079[4.56], 109080[4.17], 109081[4.28], 109082[4.06], 109083[4.11], 109084[4.39], 109085[3.67], 109086[4.17], 109087[3.94],
109089[4.33], 109091[4.11], 109092[4.11], 109093[4.39], 109094[4.56], 109095[4.06], 109096[4.22], 109097[4.50], 109098[4.72],
109099[4.28], 109100[4.56], 109101[4.44], 109102[5.00], 109103[4.44] =77
109074[F1 ], 109088[F4 ], 109090[F1 ] =3
---------------------------------------------- : END OF RESULT [ D20251017 ] : ----------------------------------------------
Page 1 of 1
Page 1 of 1

-- 1 of 1 --

